{
  "metadata": {
    "description": "Adjacency matrices from states_routes graph",
    "node_count": 32,
    "weight_unit": "hours",
    "direct_matrix_note": "null means no direct edge",
    "shortest_matrix_note": "all-pairs shortest-path travel time"
  },
  "node_ids": [
    "AGS",
    "BC",
    "BCS",
    "CAMP",
    "CHIS",
    "CHIH",
    "CDMX",
    "COAH",
    "COL",
    "DGO",
    "GTO",
    "GRO",
    "HGO",
    "JAL",
    "MEX",
    "MICH",
    "MOR",
    "NAY",
    "NL",
    "OAX",
    "PUE",
    "QRO",
    "QROO",
    "SLP",
    "SIN",
    "SON",
    "TAB",
    "TAMPS",
    "TLAX",
    "VER",
    "YUC",
    "ZAC"
  ],
  "direct_adjacency_matrix": [
    [
      0.0,
      null,
      null,
      null,
      null,
      null,
      null,
      null,
      null,
      null,
      null,
      null,
      null,
      3.64,
      null,
      null,
      null,
      null,
      null,
      null,
      null,
      null,
      null,
      null,
      null,
      null,
      null,
      null,
      null,
      null,
      null,
      1.94
    ],
    [
      null,
      0.0,
      26.11,
      null,
      null,
      null,
      null,
      null,
      null,
      null,
      null,
      null,
      null,
      null,
      null,
      null,
      null,
      null,
      null,
      null,
      null,
      null,
      null,
      null,
      null,
      10.06,
      null,
      null,
      null,
      null,
      null,
      null
    ],
    [
      null,
      26.11,
      0.0,
      null,
      null,
      null,
      null,
      null,
      null,
      null,
      null,
      null,
      null,
      null,
      null,
      null,
      null,
      null,
      null,
      null,
      null,
      null,
      null,
      null,
      null,
      null,
      null,
      null,
      null,
      null,
      null,
      null
    ],
    [
      null,
      null,
      null,
      0.0,
      null,
      null,
      null,
      null,
      null,
      null,
      null,
      null,
      null,
      null,
      null,
      null,
      null,
      null,
      null,
      null,
      null,
      null,
      6.47,
      null,
      null,
      null,
      6.94,
      null,
      null,
      null,
      2.7,
      null
    ],
    [
      null,
      null,
      null,
      null,
      0.0,
      null,
      null,
      null,
      null,
      null,
      null,
      null,
      null,
      null,
      null,
      null,
      null,
      null,
      null,
      10.7,
      null,
      null,
      null,
      null,
      null,
      null,
      4.96,
      null,
      null,
      10.73,
      null,
      null
    ],
    [
      null,
      null,
      null,
      null,
      null,
      0.0,
      null,
      12.46,
      null,
      9.66,
      null,
      null,
      null,
      null,
      null,
      null,
      null,
      null,
      null,
      null,
      null,
      null,
      null,
      null,
      null,
      13.11,
      null,
      null,
      null,
      null,
      null,
      null
    ],
    [
      null,
      null,
      null,
      null,
      null,
      null,
      0.0,
      null,
      null,
      null,
      null,
      null,
      2.5,
      null,
      2.68,
      null,
      2.21,
      null,
      null,
      null,
      3.2,
      null,
      null,
      null,
      null,
      null,
      null,
      null,
      null,
      null,
      null,
      null
    ],
    [
      null,
      null,
      null,
      null,
      null,
      12.46,
      null,
      0.0,
      null,
      null,
      null,
      null,
      null,
      null,
      null,
      null,
      null,
      null,
      1.9,
      null,
      null,
      null,
      null,
      null,
      null,
      null,
      null,
      null,
      null,
      null,
      null,
      6.42
    ],
    [
      null,
      null,
      null,
      null,
      null,
      null,
      null,
      null,
      0.0,
      null,
      null,
      null,
      null,
      3.5,
      null,
      9.66,
      null,
      null,
      null,
      null,
      null,
      null,
      null,
      null,
      null,
      null,
      null,
      null,
      null,
      null,
      null,
      null
    ],
    [
      null,
      null,
      null,
      null,
      null,
      9.66,
      null,
      null,
      null,
      0.0,
      null,
      null,
      null,
      null,
      null,
      null,
      null,
      null,
      null,
      null,
      null,
      null,
      null,
      null,
      10.72,
      null,
      null,
      null,
      null,
      null,
      null,
      null
    ],
    [
      null,
      null,
      null,
      null,
      null,
      null,
      null,
      null,
      null,
      null,
      0.0,
      null,
      null,
      null,
      null,
      3.24,
      null,
      null,
      null,
      null,
      null,
      2.64,
      null,
      3.17,
      null,
      null,
      null,
      null,
      null,
      null,
      null,
      null
    ],
    [
      null,
      null,
      null,
      null,
      null,
      null,
      null,
      null,
      null,
      null,
      null,
      0.0,
      null,
      null,
      null,
      null,
      3.11,
      null,
      null,
      11.15,
      null,
      null,
      null,
      null,
      null,
      null,
      null,
      null,
      null,
      null,
      null,
      null
    ],
    [
      null,
      null,
      null,
      null,
      null,
      null,
      2.5,
      null,
      null,
      null,
      null,
      null,
      0.0,
      null,
      null,
      null,
      null,
      null,
      null,
      null,
      2.73,
      null,
      null,
      7.3,
      null,
      null,
      null,
      null,
      null,
      8.2,
      null,
      null
    ],
    [
      3.64,
      null,
      null,
      null,
      null,
      null,
      null,
      null,
      3.5,
      null,
      null,
      null,
      null,
      0.0,
      null,
      4.74,
      null,
      3.75,
      null,
      null,
      null,
      null,
      null,
      null,
      null,
      null,
      null,
      null,
      null,
      null,
      null,
      null
    ],
    [
      null,
      null,
      null,
      null,
      null,
      null,
      2.68,
      null,
      null,
      null,
      null,
      null,
      null,
      null,
      0.0,
      null,
      null,
      null,
      null,
      null,
      null,
      3.92,
      null,
      null,
      null,
      null,
      null,
      null,
      null,
      null,
      null,
      null
    ],
    [
      null,
      null,
      null,
      null,
      null,
      null,
      null,
      null,
      9.66,
      null,
      3.24,
      null,
      null,
      4.74,
      null,
      0.0,
      null,
      null,
      null,
      null,
      null,
      null,
      null,
      null,
      null,
      null,
      null,
      null,
      null,
      null,
      null,
      null
    ],
    [
      null,
      null,
      null,
      null,
      null,
      null,
      2.21,
      null,
      null,
      null,
      null,
      3.11,
      null,
      null,
      null,
      null,
      0.0,
      null,
      null,
      null,
      null,
      null,
      null,
      null,
      null,
      null,
      null,
      null,
      null,
      null,
      null,
      null
    ],
    [
      null,
      null,
      null,
      null,
      null,
      null,
      null,
      null,
      null,
      null,
      null,
      null,
      null,
      3.75,
      null,
      null,
      null,
      0.0,
      null,
      null,
      null,
      null,
      null,
      null,
      null,
      null,
      null,
      null,
      null,
      null,
      null,
      null
    ],
    [
      null,
      null,
      null,
      null,
      null,
      null,
      null,
      1.9,
      null,
      null,
      null,
      null,
      null,
      null,
      null,
      null,
      null,
      null,
      0.0,
      null,
      null,
      null,
      null,
      7.96,
      null,
      null,
      null,
      4.5,
      null,
      null,
      null,
      null
    ],
    [
      null,
      null,
      null,
      null,
      10.7,
      null,
      null,
      null,
      null,
      null,
      null,
      11.15,
      null,
      null,
      null,
      null,
      null,
      null,
      null,
      0.0,
      null,
      null,
      null,
      null,
      null,
      null,
      null,
      null,
      null,
      7.55,
      null,
      null
    ],
    [
      null,
      null,
      null,
      null,
      null,
      null,
      3.2,
      null,
      null,
      null,
      null,
      null,
      2.73,
      null,
      null,
      null,
      null,
      null,
      null,
      null,
      0.0,
      null,
      null,
      null,
      null,
      null,
      null,
      null,
      1.02,
      7.09,
      null,
      null
    ],
    [
      null,
      null,
      null,
      null,
      null,
      null,
      null,
      null,
      null,
      null,
      2.64,
      null,
      null,
      null,
      3.92,
      null,
      null,
      null,
      null,
      null,
      null,
      0.0,
      null,
      null,
      null,
      null,
      null,
      null,
      null,
      null,
      null,
      null
    ],
    [
      null,
      null,
      null,
      6.47,
      null,
      null,
      null,
      null,
      null,
      null,
      null,
      null,
      null,
      null,
      null,
      null,
      null,
      null,
      null,
      null,
      null,
      null,
      0.0,
      null,
      null,
      null,
      null,
      null,
      null,
      null,
      6.06,
      null
    ],
    [
      null,
      null,
      null,
      null,
      null,
      null,
      null,
      null,
      null,
      null,
      3.17,
      null,
      7.3,
      null,
      null,
      null,
      null,
      null,
      7.96,
      null,
      null,
      null,
      null,
      0.0,
      null,
      null,
      null,
      6.43,
      null,
      null,
      null,
      3.11
    ],
    [
      null,
      null,
      null,
      null,
      null,
      null,
      null,
      null,
      null,
      10.72,
      null,
      null,
      null,
      null,
      null,
      null,
      null,
      null,
      null,
      null,
      null,
      null,
      null,
      null,
      0.0,
      null,
      null,
      null,
      null,
      null,
      null,
      null
    ],
    [
      null,
      10.06,
      null,
      null,
      null,
      13.11,
      null,
      null,
      null,
      null,
      null,
      null,
      null,
      null,
      null,
      null,
      null,
      null,
      null,
      null,
      null,
      null,
      null,
      null,
      null,
      0.0,
      null,
      null,
      null,
      null,
      null,
      null
    ],
    [
      null,
      null,
      null,
      6.94,
      4.96,
      null,
      null,
      null,
      null,
      null,
      null,
      null,
      null,
      null,
      null,
      null,
      null,
      null,
      null,
      null,
      null,
      null,
      null,
      null,
      null,
      null,
      0.0,
      null,
      null,
      null,
      null,
      null
    ],
    [
      null,
      null,
      null,
      null,
      null,
      null,
      null,
      null,
      null,
      null,
      null,
      null,
      null,
      null,
      null,
      null,
      null,
      null,
      4.5,
      null,
      null,
      null,
      null,
      6.43,
      null,
      null,
      null,
      0.0,
      null,
      null,
      null,
      null
    ],
    [
      null,
      null,
      null,
      null,
      null,
      null,
      null,
      null,
      null,
      null,
      null,
      null,
      null,
      null,
      null,
      null,
      null,
      null,
      null,
      null,
      1.02,
      null,
      null,
      null,
      null,
      null,
      null,
      null,
      0.0,
      null,
      null,
      null
    ],
    [
      null,
      null,
      null,
      null,
      10.73,
      null,
      null,
      null,
      null,
      null,
      null,
      null,
      8.2,
      null,
      null,
      null,
      null,
      null,
      null,
      7.55,
      7.09,
      null,
      null,
      null,
      null,
      null,
      null,
      null,
      null,
      0.0,
      null,
      null
    ],
    [
      null,
      null,
      null,
      2.7,
      null,
      null,
      null,
      null,
      null,
      null,
      null,
      null,
      null,
      null,
      null,
      null,
      null,
      null,
      null,
      null,
      null,
      null,
      6.06,
      null,
      null,
      null,
      null,
      null,
      null,
      null,
      0.0,
      null
    ],
    [
      1.94,
      null,
      null,
      null,
      null,
      null,
      null,
      6.42,
      null,
      null,
      null,
      null,
      null,
      null,
      null,
      null,
      null,
      null,
      null,
      null,
      null,
      null,
      null,
      3.11,
      null,
      null,
      null,
      null,
      null,
      null,
      null,
      0.0
    ]
  ],
  "shortest_path_matrix": [
    [
      0.0,
      43.99,
      70.1,
      43.18,
      31.28,
      20.82,
      14.85,
      8.36,
      7.14,
      30.48,
      8.22,
      20.17,
      12.35,
      3.64,
      14.78,
      8.38,
      17.06,
      7.39,
      10.26,
      28.1,
      15.08,
      10.86,
      49.65,
      5.05,
      41.2,
      33.93,
      36.24,
      11.48,
      16.1,
      20.55,
      45.88,
      1.94
    ],
    [
      43.99,
      0.0,
      26.11,
      83.29,
      71.39,
      23.17,
      54.96,
      35.63,
      51.13,
      32.83,
      48.33,
      60.28,
      52.46,
      47.63,
      54.89,
      51.57,
      57.17,
      51.38,
      37.53,
      68.21,
      55.19,
      50.97,
      89.76,
      45.16,
      43.55,
      10.06,
      76.35,
      42.03,
      56.21,
      60.66,
      85.99,
      42.05
    ],
    [
      70.1,
      26.11,
      0.0,
      109.4,
      97.5,
      49.28,
      81.07,
      61.74,
      77.24,
      58.94,
      74.44,
      86.39,
      78.57,
      73.74,
      81.0,
      77.68,
      83.28,
      77.49,
      63.64,
      94.32,
      81.3,
      77.08,
      115.87,
      71.27,
      69.66,
      36.17,
      102.46,
      68.14,
      82.32,
      86.77,
      112.1,
      68.16
    ],
    [
      43.18,
      83.29,
      109.4,
      0.0,
      11.9,
      60.12,
      32.92,
      47.66,
      50.32,
      69.78,
      41.3,
      33.75,
      30.83,
      46.82,
      35.6,
      44.54,
      35.13,
      50.57,
      46.09,
      22.6,
      29.72,
      39.52,
      6.47,
      38.13,
      80.5,
      73.23,
      6.94,
      44.56,
      30.74,
      22.63,
      2.7,
      41.24
    ],
    [
      31.28,
      71.39,
      97.5,
      11.9,
      0.0,
      48.22,
      21.02,
      35.76,
      38.42,
      57.88,
      29.4,
      21.85,
      18.93,
      34.92,
      23.7,
      32.64,
      23.23,
      38.67,
      34.19,
      10.7,
      17.82,
      27.62,
      18.37,
      26.23,
      68.6,
      61.33,
      4.96,
      32.66,
      18.84,
      10.73,
      14.6,
      29.34
    ],
    [
      20.82,
      23.17,
      49.28,
      60.12,
      48.22,
      0.0,
      31.79,
      12.46,
      27.96,
      9.66,
      25.16,
      37.11,
      29.29,
      24.46,
      31.72,
      28.4,
      34.0,
      28.21,
      14.36,
      45.04,
      32.02,
      27.8,
      66.59,
      21.99,
      20.38,
      13.11,
      53.18,
      18.86,
      33.04,
      37.49,
      62.82,
      18.88
    ],
    [
      14.85,
      54.96,
      81.07,
      32.92,
      21.02,
      31.79,
      0.0,
      19.33,
      20.72,
      41.45,
      9.24,
      5.32,
      2.5,
      17.22,
      2.68,
      12.48,
      2.21,
      20.97,
      17.76,
      16.47,
      3.2,
      6.6,
      39.39,
      9.8,
      52.17,
      44.9,
      25.98,
      16.23,
      4.22,
      10.29,
      35.62,
      12.91
    ],
    [
      8.36,
      35.63,
      61.74,
      47.66,
      35.76,
      12.46,
      19.33,
      0.0,
      15.5,
      22.12,
      12.7,
      24.65,
      16.83,
      12.0,
      19.26,
      15.94,
      21.54,
      15.75,
      1.9,
      32.58,
      19.56,
      15.34,
      54.13,
      9.53,
      32.84,
      25.57,
      40.72,
      6.4,
      20.58,
      25.03,
      50.36,
      6.42
    ],
    [
      7.14,
      51.13,
      77.24,
      50.32,
      38.42,
      27.96,
      20.72,
      15.5,
      0.0,
      37.62,
      11.48,
      26.04,
      19.49,
      3.5,
      18.04,
      8.24,
      22.93,
      7.25,
      17.4,
      35.24,
      22.22,
      14.12,
      56.79,
      12.19,
      48.34,
      41.07,
      43.38,
      18.62,
      23.24,
      27.69,
      53.02,
      9.08
    ],
    [
      30.48,
      32.83,
      58.94,
      69.78,
      57.88,
      9.66,
      41.45,
      22.12,
      37.62,
      0.0,
      34.82,
      46.77,
      38.95,
      34.12,
      41.38,
      38.06,
      43.66,
      37.87,
      24.02,
      54.7,
      41.68,
      37.46,
      76.25,
      31.65,
      10.72,
      22.77,
      62.84,
      28.52,
      42.7,
      47.15,
      72.48,
      28.54
    ],
    [
      8.22,
      48.33,
      74.44,
      41.3,
      29.4,
      25.16,
      9.24,
      12.7,
      11.48,
      34.82,
      0.0,
      14.56,
      10.47,
      7.98,
      6.56,
      3.24,
      11.45,
      11.73,
      11.13,
      25.71,
      12.44,
      2.64,
      47.77,
      3.17,
      45.54,
      38.27,
      34.36,
      9.6,
      13.46,
      18.67,
      44.0,
      6.28
    ],
    [
      20.17,
      60.28,
      86.39,
      33.75,
      21.85,
      37.11,
      5.32,
      24.65,
      26.04,
      46.77,
      14.56,
      0.0,
      7.82,
      22.54,
      8.0,
      17.8,
      3.11,
      26.29,
      23.08,
      11.15,
      8.52,
      11.92,
      40.22,
      15.12,
      57.49,
      50.22,
      26.81,
      21.55,
      9.54,
      15.61,
      36.45,
      18.23
    ],
    [
      12.35,
      52.46,
      78.57,
      30.83,
      18.93,
      29.29,
      2.5,
      16.83,
      19.49,
      38.95,
      10.47,
      7.82,
      0.0,
      15.99,
      5.18,
      13.71,
      4.71,
      19.74,
      15.26,
      15.75,
      2.73,
      9.1,
      37.3,
      7.3,
      49.67,
      42.4,
      23.89,
      13.73,
      3.75,
      8.2,
      33.53,
      10.41
    ],
    [
      3.64,
      47.63,
      73.74,
      46.82,
      34.92,
      24.46,
      17.22,
      12.0,
      3.5,
      34.12,
      7.98,
      22.54,
      15.99,
      0.0,
      14.54,
      4.74,
      19.43,
      3.75,
      13.9,
      31.74,
      18.72,
      10.62,
      53.29,
      8.69,
      44.84,
      37.57,
      39.88,
      15.12,
      19.74,
      24.19,
      49.52,
      5.58
    ],
    [
      14.78,
      54.89,
      81.0,
      35.6,
      23.7,
      31.72,
      2.68,
      19.26,
      18.04,
      41.38,
      6.56,
      8.0,
      5.18,
      14.54,
      0.0,
      9.8,
      4.89,
      18.29,
      17.69,
      19.15,
      5.88,
      3.92,
      42.07,
      9.73,
      52.1,
      44.83,
      28.66,
      16.16,
      6.9,
      12.97,
      38.3,
      12.84
    ],
    [
      8.38,
      51.57,
      77.68,
      44.54,
      32.64,
      28.4,
      12.48,
      15.94,
      8.24,
      38.06,
      3.24,
      17.8,
      13.71,
      4.74,
      9.8,
      0.0,
      14.69,
      8.49,
      14.37,
      28.95,
      15.68,
      5.88,
      51.01,
      6.41,
      48.78,
      41.51,
      37.6,
      12.84,
      16.7,
      21.91,
      47.24,
      9.52
    ],
    [
      17.06,
      57.17,
      83.28,
      35.13,
      23.23,
      34.0,
      2.21,
      21.54,
      22.93,
      43.66,
      11.45,
      3.11,
      4.71,
      19.43,
      4.89,
      14.69,
      0.0,
      23.18,
      19.97,
      14.26,
      5.41,
      8.81,
      41.6,
      12.01,
      54.38,
      47.11,
      28.19,
      18.44,
      6.43,
      12.5,
      37.83,
      15.12
    ],
    [
      7.39,
      51.38,
      77.49,
      50.57,
      38.67,
      28.21,
      20.97,
      15.75,
      7.25,
      37.87,
      11.73,
      26.29,
      19.74,
      3.75,
      18.29,
      8.49,
      23.18,
      0.0,
      17.65,
      35.49,
      22.47,
      14.37,
      57.04,
      12.44,
      48.59,
      41.32,
      43.63,
      18.87,
      23.49,
      27.94,
      53.27,
      9.33
    ],
    [
      10.26,
      37.53,
      63.64,
      46.09,
      34.19,
      14.36,
      17.76,
      1.9,
      17.4,
      24.02,
      11.13,
      23.08,
      15.26,
      13.9,
      17.69,
      14.37,
      19.97,
      17.65,
      0.0,
      31.01,
      17.99,
      13.77,
      52.56,
      7.96,
      34.74,
      27.47,
      39.15,
      4.5,
      19.01,
      23.46,
      48.79,
      8.32
    ],
    [
      28.1,
      68.21,
      94.32,
      22.6,
      10.7,
      45.04,
      16.47,
      32.58,
      35.24,
      54.7,
      25.71,
      11.15,
      15.75,
      31.74,
      19.15,
      28.95,
      14.26,
      35.49,
      31.01,
      0.0,
      14.64,
      23.07,
      29.07,
      23.05,
      65.42,
      58.15,
      15.66,
      29.48,
      15.66,
      7.55,
      25.3,
      26.16
    ],
    [
      15.08,
      55.19,
      81.3,
      29.72,
      17.82,
      32.02,
      3.2,
      19.56,
      22.22,
      41.68,
      12.44,
      8.52,
      2.73,
      18.72,
      5.88,
      15.68,
      5.41,
      22.47,
      17.99,
      14.64,
      0.0,
      9.8,
      36.19,
      10.03,
      52.4,
      45.13,
      22.78,
      16.46,
      1.02,
      7.09,
      32.42,
      13.14
    ],
    [
      10.86,
      50.97,
      77.08,
      39.52,
      27.62,
      27.8,
      6.6,
      15.34,
      14.12,
      37.46,
      2.64,
      11.92,
      9.1,
      10.62,
      3.92,
      5.88,
      8.81,
      14.37,
      13.77,
      23.07,
      9.8,
      0.0,
      45.99,
      5.81,
      48.18,
      40.91,
      32.58,
      12.24,
      10.82,
      16.89,
      42.22,
      8.92
    ],
    [
      49.65,
      89.76,
      115.87,
      6.47,
      18.37,
      66.59,
      39.39,
      54.13,
      56.79,
      76.25,
      47.77,
      40.22,
      37.3,
      53.29,
      42.07,
      51.01,
      41.6,
      57.04,
      52.56,
      29.07,
      36.19,
      45.99,
      0.0,
      44.6,
      86.97,
      79.7,
      13.41,
      51.03,
      37.21,
      29.1,
      6.06,
      47.71
    ],
    [
      5.05,
      45.16,
      71.27,
      38.13,
      26.23,
      21.99,
      9.8,
      9.53,
      12.19,
      31.65,
      3.17,
      15.12,
      7.3,
      8.69,
      9.73,
      6.41,
      12.01,
      12.44,
      7.96,
      23.05,
      10.03,
      5.81,
      44.6,
      0.0,
      42.37,
      35.1,
      31.19,
      6.43,
      11.05,
      15.5,
      40.83,
      3.11
    ],
    [
      41.2,
      43.55,
      69.66,
      80.5,
      68.6,
      20.38,
      52.17,
      32.84,
      48.34,
      10.72,
      45.54,
      57.49,
      49.67,
      44.84,
      52.1,
      48.78,
      54.38,
      48.59,
      34.74,
      65.42,
      52.4,
      48.18,
      86.97,
      42.37,
      0.0,
      33.49,
      73.56,
      39.24,
      53.42,
      57.87,
      83.2,
      39.26
    ],
    [
      33.93,
      10.06,
      36.17,
      73.23,
      61.33,
      13.11,
      44.9,
      25.57,
      41.07,
      22.77,
      38.27,
      50.22,
      42.4,
      37.57,
      44.83,
      41.51,
      47.11,
      41.32,
      27.47,
      58.15,
      45.13,
      40.91,
      79.7,
      35.1,
      33.49,
      0.0,
      66.29,
      31.97,
      46.15,
      50.6,
      75.93,
      31.99
    ],
    [
      36.24,
      76.35,
      102.46,
      6.94,
      4.96,
      53.18,
      25.98,
      40.72,
      43.38,
      62.84,
      34.36,
      26.81,
      23.89,
      39.88,
      28.66,
      37.6,
      28.19,
      43.63,
      39.15,
      15.66,
      22.78,
      32.58,
      13.41,
      31.19,
      73.56,
      66.29,
      0.0,
      37.62,
      23.8,
      15.69,
      9.64,
      34.3
    ],
    [
      11.48,
      42.03,
      68.14,
      44.56,
      32.66,
      18.86,
      16.23,
      6.4,
      18.62,
      28.52,
      9.6,
      21.55,
      13.73,
      15.12,
      16.16,
      12.84,
      18.44,
      18.87,
      4.5,
      29.48,
      16.46,
      12.24,
      51.03,
      6.43,
      39.24,
      31.97,
      37.62,
      0.0,
      17.48,
      21.93,
      47.26,
      9.54
    ],
    [
      16.1,
      56.21,
      82.32,
      30.74,
      18.84,
      33.04,
      4.22,
      20.58,
      23.24,
      42.7,
      13.46,
      9.54,
      3.75,
      19.74,
      6.9,
      16.7,
      6.43,
      23.49,
      19.01,
      15.66,
      1.02,
      10.82,
      37.21,
      11.05,
      53.42,
      46.15,
      23.8,
      17.48,
      0.0,
      8.11,
      33.44,
      14.16
    ],
    [
      20.55,
      60.66,
      86.77,
      22.63,
      10.73,
      37.49,
      10.29,
      25.03,
      27.69,
      47.15,
      18.67,
      15.61,
      8.2,
      24.19,
      12.97,
      21.91,
      12.5,
      27.94,
      23.46,
      7.55,
      7.09,
      16.89,
      29.1,
      15.5,
      57.87,
      50.6,
      15.69,
      21.93,
      8.11,
      0.0,
      25.33,
      18.61
    ],
    [
      45.88,
      85.99,
      112.1,
      2.7,
      14.6,
      62.82,
      35.62,
      50.36,
      53.02,
      72.48,
      44.0,
      36.45,
      33.53,
      49.52,
      38.3,
      47.24,
      37.83,
      53.27,
      48.79,
      25.3,
      32.42,
      42.22,
      6.06,
      40.83,
      83.2,
      75.93,
      9.64,
      47.26,
      33.44,
      25.33,
      0.0,
      43.94
    ],
    [
      1.94,
      42.05,
      68.16,
      41.24,
      29.34,
      18.88,
      12.91,
      6.42,
      9.08,
      28.54,
      6.28,
      18.23,
      10.41,
      5.58,
      12.84,
      9.52,
      15.12,
      9.33,
      8.32,
      26.16,
      13.14,
      8.92,
      47.71,
      3.11,
      39.26,
      31.99,
      34.3,
      9.54,
      14.16,
      18.61,
      43.94,
      0.0
    ]
  ],
  "subset_for_tsp": {
    "selected_node_ids": [
      "CDMX",
      "PUE",
      "VER",
      "QRO",
      "NL"
    ],
    "shortest_path_submatrix": [
      [
        0.0,
        3.2,
        10.29,
        6.6,
        17.76
      ],
      [
        3.2,
        0.0,
        7.09,
        9.8,
        17.99
      ],
      [
        10.29,
        7.09,
        0.0,
        16.89,
        23.46
      ],
      [
        6.6,
        9.8,
        16.89,
        0.0,
        13.77
      ],
      [
        17.76,
        17.99,
        23.46,
        13.77,
        0.0
      ]
    ]
  }
}